   9.9332934e+00
   1.0276827e+01
   1.0354700e+01
   9.9284086e+00
   9.9467744e+00
   1.0625527e+01
   1.0680095e+01
   1.0231718e+01
   1.0813195e+01
   1.0255898e+01
   1.0555803e+01
   1.0915922e+01
   1.0682342e+01
   1.0911701e+01
   1.0631891e+01
   1.1074626e+01
   1.0846899e+01
   1.1089979e+01
   1.0827828e+01
   1.0606836e+01
   1.1203736e+01
   1.1419636e+01
   1.1038008e+01
   1.1356821e+01
   1.1102314e+01
   1.1310364e+01
   1.1088634e+01
   1.1199932e+01
   1.1031647e+01
   1.1545731e+01
   1.1153748e+01
   1.1523664e+01
   1.1418751e+01
   1.1483383e+01
   1.1718590e+01
   1.1980021e+01
   1.1957994e+01
   1.1697083e+01
   1.2006947e+01
   1.1668328e+01
   1.1575386e+01
   1.1509354e+01
   1.1651003e+01
   1.1873402e+01
   1.1758609e+01
   1.1976456e+01
   1.1928252e+01
   1.2209149e+01
   1.2119580e+01
   1.1886765e+01
   1.2281131e+01
   1.1785902e+01
   1.2117437e+01
   1.2167847e+01
   1.2129529e+01
   1.2102389e+01
   1.2386865e+01
   1.2291644e+01
   1.2310398e+01
   1.2065598e+01
   1.2255389e+01
   1.2067703e+01
   1.2655404e+01
   1.2700524e+01
   1.2475241e+01
   1.2259955e+01
   1.2455175e+01
   1.2332978e+01
   1.2544125e+01
   1.2610868e+01
   1.2352106e+01
   1.2861411e+01
   1.2835886e+01
   1.2600645e+01
   1.2780308e+01
   1.2569147e+01
   1.2555952e+01
   1.2361108e+01
   1.2922820e+01
   1.2509223e+01
   1.2928766e+01
   1.2617331e+01
   1.3235657e+01
   1.2882060e+01
   1.2843494e+01
   1.3164347e+01
   1.3040845e+01
   1.2982859e+01
   1.3199650e+01
   1.2914984e+01
   1.3069646e+01
   1.3336529e+01
   1.3268680e+01
   1.2873993e+01
   1.2949790e+01
   1.3324102e+01
   1.2820412e+01
   1.2996322e+01
   1.3274099e+01
   1.3329063e+01
   1.2911291e+01
   1.3136027e+01
   1.3346942e+01
   1.3338309e+01
   1.2841875e+01
   1.3356397e+01
   1.3230100e+01
   1.3469699e+01
   1.3578559e+01
   1.3552147e+01
   1.3527047e+01
   1.3313754e+01
   1.3636019e+01
   1.3429820e+01
   1.3748797e+01
   1.3299031e+01
   1.3846462e+01
   1.3501890e+01
   1.3338527e+01
   1.3491377e+01
   1.4020571e+01
   1.3224519e+01
   1.3625629e+01
   1.3787867e+01
   1.3499900e+01
   1.3634842e+01
   1.3822360e+01
   1.3628440e+01
   1.3662054e+01
   1.3247294e+01
   1.3653535e+01
   1.3593660e+01
   1.3747386e+01
   1.3600876e+01
   1.3460049e+01
   1.3660812e+01
   1.3742353e+01
   1.3801968e+01
   1.3682706e+01
   1.3375800e+01
   1.3742903e+01
   1.3906086e+01
   1.3739271e+01
   1.4049668e+01
   1.3713363e+01
   1.3401930e+01
   1.3852304e+01
   1.3850721e+01
   1.4013945e+01
   1.3635471e+01
   1.3760439e+01
   1.3924997e+01
   1.3766883e+01
   1.3779569e+01
   1.3672771e+01
   1.4079881e+01
   1.4045926e+01
   1.3839023e+01
   1.3888804e+01
   1.3783350e+01
   1.4254808e+01
   1.4182529e+01
   1.3590895e+01
   1.4039157e+01
   1.3606330e+01
   1.4070652e+01
   1.3990470e+01
   1.3961101e+01
   1.3681997e+01
   1.3963372e+01
   1.3813598e+01
   1.4112515e+01
   1.4175102e+01
   1.3789693e+01
   1.4025339e+01
   1.4036860e+01
   1.4276295e+01
   1.3897441e+01
   1.3774292e+01
   1.4339864e+01
   1.4019969e+01
   1.3512303e+01
   1.4369293e+01
   1.4404766e+01
   1.4416692e+01
   1.3789824e+01
   1.4102963e+01
   1.4426393e+01
   1.4045702e+01
   1.3949769e+01
   1.4105455e+01
   1.3828004e+01
   1.4375569e+01
   1.3975988e+01
   1.4268537e+01
   1.4266486e+01
   1.4468989e+01
   1.4016270e+01
   1.4060275e+01
   1.4345656e+01
   1.4584733e+01
   1.4219017e+01
   1.3904544e+01
   1.4110428e+01
   1.4654455e+01
   1.4386961e+01
   1.4312394e+01
   1.4175625e+01
   1.3610716e+01
   1.4249472e+01
   1.4258626e+01
   1.4132591e+01
   1.4566877e+01
   1.4346136e+01
   1.4159725e+01
   1.4014396e+01
   1.4123519e+01
   1.4057272e+01
   1.4212537e+01
   1.3948621e+01
   1.4050229e+01
   1.4186018e+01
   1.4508434e+01
   1.4401941e+01
   1.4441419e+01
   1.4176849e+01
   1.4372721e+01
   1.4219599e+01
   1.4377885e+01
   1.4135627e+01
   1.4301121e+01
   1.4403119e+01
   1.4572164e+01
   1.4423362e+01
   1.3929146e+01
   1.4179556e+01
   1.4061314e+01
   1.4658271e+01
   1.4107853e+01
   1.3848724e+01
   1.4356940e+01
   1.4237436e+01
   1.4626962e+01
   1.4044084e+01
   1.4255473e+01
   1.4456914e+01
   1.4075153e+01
   1.4394162e+01
   1.4188781e+01
   1.4027504e+01
   1.4423223e+01
   1.4034110e+01
   1.4435418e+01
   1.4321218e+01
   1.4245181e+01
   1.4280408e+01
   1.4237880e+01
   1.4344537e+01
   1.4766213e+01
   1.4148030e+01
   1.4588070e+01
   1.4522949e+01
   1.4220540e+01
   1.4372787e+01
   1.4625897e+01
   1.4536923e+01
   1.3981948e+01
   1.3724127e+01
   1.4418196e+01
   1.4552234e+01
   1.4313114e+01
   1.4379157e+01
   1.4388862e+01
   1.4760592e+01
   1.4222961e+01
   1.4578177e+01
   1.4457522e+01
   1.4359258e+01
   1.4256555e+01
   1.4827317e+01
   1.4655366e+01
   1.4561728e+01
   1.4314986e+01
   1.4283800e+01
   1.4268407e+01
   1.4459170e+01
   1.4369477e+01
   1.4587710e+01
   1.4082442e+01
   1.4280938e+01
   1.4473417e+01
   1.4328918e+01
   1.4389650e+01
   1.4810662e+01
   1.4824404e+01
   1.4496865e+01
   1.4121950e+01
   1.4623692e+01
   1.4040040e+01
   1.4605939e+01
   1.4215757e+01
   1.4738966e+01
   1.4327758e+01
   1.4471752e+01
   1.4571225e+01
   1.4462167e+01
   1.4766663e+01
   1.4613301e+01
   1.4415861e+01
   1.4469542e+01
   1.4293188e+01
   1.4437529e+01
   1.4932110e+01
   1.4977943e+01
   1.3859456e+01
   1.4525253e+01
   1.4900904e+01
   1.4621325e+01
   1.4555486e+01
   1.4255517e+01
   1.4608576e+01
   1.4440484e+01
   1.4165145e+01
   1.4579883e+01
   1.4172853e+01
   1.4647623e+01
   1.4711643e+01
   1.4536632e+01
   1.4523227e+01
   1.4633535e+01
   1.4682130e+01
   1.4402375e+01
   1.4290778e+01
   1.4297210e+01
   1.4465131e+01
   1.4130696e+01
   1.4675992e+01
   1.4493744e+01
   1.4453045e+01
   1.4787050e+01
   1.4518735e+01
   1.4898400e+01
   1.4312121e+01
   1.4713339e+01
   1.3977228e+01
   1.4005767e+01
   1.4390754e+01
   1.4754278e+01
   1.4706897e+01
   1.4461759e+01
   1.4432800e+01
   1.4363399e+01
   1.4280961e+01
   1.4528142e+01
   1.4410012e+01
   1.4345801e+01
   1.4482968e+01
   1.4444089e+01
   1.4378938e+01
   1.4525722e+01
   1.4122137e+01
   1.4396762e+01
   1.4163582e+01
   1.4608372e+01
   1.4476920e+01
   1.4354786e+01
   1.4450325e+01
   1.4554718e+01
   1.4727443e+01
   1.4306094e+01
   1.4618564e+01
   1.4709819e+01
   1.4422937e+01
   1.4734030e+01
   1.4587408e+01
   1.4292124e+01
   1.4496275e+01
   1.4524176e+01
   1.4649592e+01
   1.4361554e+01
   1.4513518e+01
   1.4387440e+01
   1.4345027e+01
   1.4589267e+01
   1.4562013e+01
   1.4722286e+01
   1.4826573e+01
   1.4647317e+01
   1.4407372e+01
   1.4453451e+01
   1.4515921e+01
   1.4200190e+01
   1.4195033e+01
   1.4133606e+01
   1.4743369e+01
   1.4209713e+01
   1.4462540e+01
   1.4773313e+01
   1.4599914e+01
   1.4639641e+01
   1.4745261e+01
   1.4557874e+01
   1.4365325e+01
   1.4290553e+01
   1.4567744e+01
   1.4631519e+01
   1.4693840e+01
   1.4354150e+01
   1.4288428e+01
   1.4393929e+01
   1.4515642e+01
   1.4733792e+01
   1.3977814e+01
   1.4726901e+01
   1.4899662e+01
   1.4224561e+01
   1.4503571e+01
   1.4071988e+01
   1.4767180e+01
   1.4320123e+01
   1.4695177e+01
   1.4532328e+01
   1.4583588e+01
   1.4401337e+01
   1.4721633e+01
   1.4545786e+01
   1.4575792e+01
   1.4457084e+01
   1.4374447e+01
   1.4474004e+01
   1.4623671e+01
   1.4660083e+01
   1.4670799e+01
   1.4396562e+01
   1.4696972e+01
   1.4202090e+01
   1.4572886e+01
   1.4241905e+01
   1.4322472e+01
   1.4660204e+01
   1.4710050e+01
   1.4685958e+01
   1.4219671e+01
   1.4895566e+01
   1.4544624e+01
   1.4906791e+01
   1.4510901e+01
   1.4666389e+01
   1.4772769e+01
   1.4707080e+01
   1.4315920e+01
   1.4616600e+01
   1.4814751e+01
   1.4821636e+01
   1.4567604e+01
   1.4744796e+01
   1.4794411e+01
   1.4314359e+01
   1.4737416e+01
   1.4858384e+01
   1.4571575e+01
   1.4883772e+01
   1.4636179e+01
   1.4817642e+01
   1.4357238e+01
   1.4697310e+01
   1.4723706e+01
   1.4808870e+01
   1.4772860e+01
   1.4407673e+01
   1.4644824e+01
   1.4418387e+01
   1.4558555e+01
   1.4302451e+01
   1.4451434e+01
   1.4511358e+01
   1.4781605e+01
   1.4889340e+01
   1.4288259e+01
   1.4411721e+01
   1.4656726e+01
   1.4643478e+01
   1.4082221e+01
   1.4569181e+01
   1.4688056e+01
   1.4532299e+01
   1.4778582e+01
   1.4647011e+01
   1.4615985e+01
   1.4459290e+01
   1.4523780e+01
   1.4510834e+01
   1.4609617e+01
   1.4837119e+01
   1.4573016e+01
   1.4575680e+01
   1.4728115e+01
   1.4430376e+01
   1.4738018e+01
   1.4627205e+01
   1.4620356e+01
   1.4591567e+01
   1.4945283e+01
   1.4386976e+01
   1.4099565e+01
   1.4449277e+01
   1.4527461e+01
   1.4791891e+01
   1.4207006e+01
   1.4672555e+01
   1.4962702e+01
   1.4629794e+01
   1.4419752e+01
   1.4547262e+01
   1.4152929e+01
   1.4649739e+01
   1.4710485e+01
   1.4828234e+01
   1.4689687e+01
   1.4714927e+01
   1.4801295e+01
   1.4660505e+01
   1.4247351e+01
   1.4292022e+01
   1.4519791e+01
   1.4634283e+01
   1.4630128e+01
   1.4377417e+01
   1.4567580e+01
   1.4482955e+01
   1.4797474e+01
   1.4311109e+01
   1.4575713e+01
   1.4339597e+01
   1.4532250e+01
   1.4838043e+01
   1.5012462e+01
   1.4497040e+01
   1.4672601e+01
   1.4467579e+01
   1.4405558e+01
   1.4457556e+01
   1.4691484e+01
   1.4797741e+01
   1.4786961e+01
   1.4487771e+01
   1.4318571e+01
   1.4097263e+01
   1.4342367e+01
   1.4850532e+01
   1.4207660e+01
   1.4666627e+01
   1.4723065e+01
   1.4506169e+01
   1.4793972e+01
   1.4772035e+01
   1.4684933e+01
   1.4765167e+01
   1.4391435e+01
   1.4864328e+01
   1.4514548e+01
   1.4542284e+01
   1.4762529e+01
   1.4630813e+01
   1.4697188e+01
   1.4624848e+01
   1.4667775e+01
   1.4261900e+01
   1.4348964e+01
   1.4133931e+01
   1.4627851e+01
   1.4610135e+01
   1.4600777e+01
   1.4247208e+01
   1.4536335e+01
   1.4684939e+01
   1.5153353e+01
   1.4515775e+01
   1.4537127e+01
   1.4779009e+01
   1.4716797e+01
   1.4441380e+01
   1.4443037e+01
   1.4848998e+01
   1.4669578e+01
   1.4283922e+01
   1.4618168e+01
   1.4332496e+01
   1.4294073e+01
   1.4607994e+01
   1.4504921e+01
   1.4596809e+01
   1.4361973e+01
   1.4367814e+01
   1.4800311e+01
   1.4597909e+01
   1.4742106e+01
   1.4927565e+01
   1.4534121e+01
   1.4093236e+01
   1.4829461e+01
   1.4544504e+01
   1.4317595e+01
   1.4388807e+01
   1.4655594e+01
   1.4661358e+01
   1.4173354e+01
   1.4693796e+01
   1.4609068e+01
   1.4346309e+01
   1.4618515e+01
   1.4575376e+01
   1.4719340e+01
   1.4376956e+01
   1.4249034e+01
   1.4478443e+01
   1.4409818e+01
   1.4642911e+01
   1.4627532e+01
   1.4419278e+01
   1.4518711e+01
   1.4726449e+01
   1.4693942e+01
   1.4596384e+01
   1.4603738e+01
   1.4443364e+01
   1.4666220e+01
   1.4483730e+01
   1.4897762e+01
   1.4747573e+01
   1.4614344e+01
   1.4738651e+01
   1.4904321e+01
   1.4270777e+01
   1.4663663e+01
   1.4747968e+01
   1.4457815e+01
   1.4620557e+01
   1.4676800e+01
   1.4749842e+01
   1.4679353e+01
   1.4618515e+01
   1.4882583e+01
   1.4828106e+01
   1.4603913e+01
   1.4653805e+01
   1.4449994e+01
   1.4273170e+01
   1.4633531e+01
   1.4680634e+01
   1.4640719e+01
   1.4596472e+01
   1.4736300e+01
   1.5086331e+01
   1.4464845e+01
   1.4429149e+01
   1.4781297e+01
   1.4564182e+01
   1.4261125e+01
   1.4203402e+01
   1.4720740e+01
   1.4638643e+01
   1.4231276e+01
   1.4429427e+01
   1.4376018e+01
   1.4688734e+01
   1.4419763e+01
   1.4348022e+01
   1.4590216e+01
   1.4760729e+01
   1.4691080e+01
   1.4394996e+01
   1.4596997e+01
   1.4601098e+01
   1.4443341e+01
   1.4708466e+01
   1.4769836e+01
   1.4552178e+01
   1.4639386e+01
   1.4527080e+01
   1.4517790e+01
   1.4556111e+01
   1.4941236e+01
   1.4720033e+01
   1.4429246e+01
   1.4460937e+01
   1.4297993e+01
   1.4634389e+01
   1.4738575e+01
   1.4647180e+01
   1.4881289e+01
   1.5025901e+01
   1.4787023e+01
   1.4661815e+01
   1.4840963e+01
   1.4714548e+01
   1.5220400e+01
   1.4024711e+01
   1.4388785e+01
   1.4605580e+01
   1.5145604e+01
   1.4451090e+01
   1.4642940e+01
   1.4559679e+01
   1.4701250e+01
   1.4759854e+01
   1.4594685e+01
   1.4343930e+01
   1.4438537e+01
   1.4567037e+01
   1.4326161e+01
   1.4534329e+01
   1.4541353e+01
   1.4430753e+01
   1.4288482e+01
   1.4054399e+01
   1.4535231e+01
   1.4821324e+01
   1.4402939e+01
   1.4553718e+01
   1.4399060e+01
   1.4631019e+01
   1.4226737e+01
   1.4393835e+01
   1.4619508e+01
   1.4171014e+01
   1.4341515e+01
   1.4578985e+01
   1.4825935e+01
   1.4616766e+01
   1.4580311e+01
   1.4537491e+01
   1.4702794e+01
   1.4646214e+01
   1.4529635e+01
   1.4406924e+01
   1.4702419e+01
   1.4924449e+01
   1.4831110e+01
   1.4613264e+01
   1.4633101e+01
   1.4272954e+01
   1.4585940e+01
   1.4447829e+01
   1.4679730e+01
   1.4770829e+01
   1.4604210e+01
   1.4263355e+01
   1.4543872e+01
   1.4623589e+01
   1.4536202e+01
   1.4715125e+01
   1.4688962e+01
   1.4744163e+01
   1.4351267e+01
   1.4575051e+01
   1.4740838e+01
   1.4476474e+01
   1.4578279e+01
   1.4805865e+01
   1.4701096e+01
   1.4801136e+01
   1.4484513e+01
   1.4617785e+01
   1.4916608e+01
   1.4368435e+01
   1.4459585e+01
   1.4595300e+01
   1.4588518e+01
   1.4762109e+01
   1.4596981e+01
   1.4887075e+01
   1.4362770e+01
   1.4549606e+01
   1.4628171e+01
   1.4937859e+01
   1.4641870e+01
   1.4576908e+01
   1.4340923e+01
   1.4711032e+01
   1.4534301e+01
   1.4754453e+01
   1.4397547e+01
   1.4529349e+01
   1.4660679e+01
   1.4785756e+01
   1.4421759e+01
   1.4576309e+01
   1.4968702e+01
   1.4934073e+01
   1.4788856e+01
   1.4639933e+01
   1.4753548e+01
   1.4746100e+01
   1.4683764e+01
   1.4471125e+01
   1.4804812e+01
   1.4539863e+01
   1.4433660e+01
   1.4854298e+01
   1.4573039e+01
   1.4511476e+01
   1.4344866e+01
   1.4368159e+01
   1.4487576e+01
   1.4954813e+01
   1.4944840e+01
   1.4493158e+01
   1.4585269e+01
   1.4412119e+01
   1.4530261e+01
   1.4411825e+01
   1.4301968e+01
   1.4876790e+01
   1.4729617e+01
   1.4433608e+01
   1.4175318e+01
   1.4354886e+01
   1.4351319e+01
   1.4651582e+01
   1.4741631e+01
   1.4831686e+01
   1.4681525e+01
   1.4585907e+01
   1.4305863e+01
   1.4684170e+01
   1.4131036e+01
   1.4285076e+01
   1.4438122e+01
   1.4498273e+01
   1.4461698e+01
   1.4728391e+01
   1.4634054e+01
   1.4572779e+01
   1.4467225e+01
   1.4598548e+01
   1.4460808e+01
   1.4773859e+01
   1.4792315e+01
   1.4618059e+01
   1.4568106e+01
   1.4596421e+01
   1.4263921e+01
   1.4781243e+01
   1.4399155e+01
   1.4526232e+01
   1.4480689e+01
   1.4521161e+01
   1.4724042e+01
   1.4552546e+01
   1.4674849e+01
   1.4790511e+01
   1.4293478e+01
   1.4672200e+01
   1.4454263e+01
   1.4615034e+01
   1.4591684e+01
   1.4468136e+01
   1.4545376e+01
   1.4496832e+01
   1.4366407e+01
   1.4526664e+01
   1.4821357e+01
   1.4247094e+01
   1.4767219e+01
   1.4604474e+01
   1.4585660e+01
   1.4500772e+01
   1.4809603e+01
   1.4673512e+01
   1.4498145e+01
   1.4689707e+01
   1.4580236e+01
   1.4575230e+01
   1.4762322e+01
   1.4665655e+01
   1.4415523e+01
   1.4600074e+01
   1.4324664e+01
   1.4430771e+01
   1.4784395e+01
   1.4431637e+01
   1.4877775e+01
   1.4536808e+01
   1.4751482e+01
   1.4555603e+01
   1.4741182e+01
   1.4630579e+01
   1.4508882e+01
   1.4289273e+01
   1.4540993e+01
   1.3995325e+01
   1.4431386e+01
   1.4495342e+01
   1.4496998e+01
   1.4832851e+01
   1.4722774e+01
   1.4652907e+01
   1.4631396e+01
   1.4099431e+01
   1.4849328e+01
   1.4530544e+01
   1.4500338e+01
   1.4455608e+01
   1.4819860e+01
   1.4516173e+01
   1.4807736e+01
   1.4645326e+01
   1.4668865e+01
   1.4571122e+01
   1.4464337e+01
   1.4637080e+01
   1.4503335e+01
   1.4648370e+01
   1.4738365e+01
   1.4682564e+01
   1.4557602e+01
   1.4391500e+01
   1.4557704e+01
   1.4983869e+01
   1.4609552e+01
   1.4326832e+01
   1.4522623e+01
   1.4818155e+01
   1.5083646e+01
   1.4543053e+01
   1.4459355e+01
   1.4609179e+01
   1.4490748e+01
   1.4616329e+01
   1.4498947e+01
   1.4321939e+01
   1.4612409e+01
   1.4561394e+01
   1.4239624e+01
   1.4536799e+01
   1.4791712e+01
   1.4326813e+01
   1.4637206e+01
   1.4702656e+01
   1.4770098e+01
   1.4876894e+01
   1.4693109e+01
   1.4519575e+01
   1.4715659e+01
   1.4749007e+01
   1.4686092e+01
   1.4414830e+01
   1.4545216e+01
   1.4612626e+01
   1.4632175e+01
   1.4630271e+01
   1.4271344e+01
   1.4637272e+01
   1.4440294e+01
   1.4731455e+01
   1.4574659e+01
   1.4048380e+01
   1.4532636e+01
   1.4357268e+01
   1.4457369e+01
   1.4781912e+01
   1.4716965e+01
   1.4723545e+01
   1.4668044e+01
   1.4596716e+01
   1.4708514e+01
   1.4303945e+01
   1.4387665e+01
   1.4421960e+01
   1.4857089e+01
   1.4547088e+01
   1.4390185e+01
   1.4596937e+01
   1.4369913e+01
   1.4541348e+01
   1.4748205e+01
   1.4481534e+01
   1.4342023e+01
   1.4554996e+01
   1.4501981e+01
   1.4390378e+01
   1.4288403e+01
   1.4213744e+01
   1.4662909e+01
   1.4840207e+01
   1.4343823e+01
   1.4655565e+01
   1.4511236e+01
   1.4631662e+01
   1.4690679e+01
   1.4825761e+01
   1.4881637e+01
   1.4511978e+01
   1.4379548e+01
   1.4270027e+01
   1.4627425e+01
   1.4314641e+01
   1.4790409e+01
   1.4582103e+01
   1.4556461e+01
   1.4353405e+01
   1.4635474e+01
   1.4618650e+01
   1.4716028e+01
   1.4698388e+01
   1.4805449e+01
   1.4450809e+01
   1.4801391e+01
   1.4708603e+01
   1.4553660e+01
   1.4685453e+01
   1.4708234e+01
   1.4847266e+01
   1.4562645e+01
   1.4360406e+01
   1.4491133e+01
   1.4584550e+01
   1.4635363e+01
   1.4697597e+01
   1.4290057e+01
   1.4568283e+01
   1.4437025e+01
   1.4483430e+01
   1.4683284e+01
   1.4604693e+01
   1.4453922e+01
   1.4671479e+01
   1.4730280e+01
   1.4549094e+01
   1.4703390e+01
   1.4264099e+01
   1.4530074e+01
   1.4726562e+01
   1.4247036e+01
   1.4376979e+01
   1.4518170e+01
   1.4770990e+01
   1.4354784e+01
   1.4731537e+01
   1.4453744e+01
   1.4439336e+01
   1.4398472e+01
   1.5066499e+01
   1.4140278e+01
   1.4726244e+01
   1.4710026e+01
   1.4746518e+01
   1.4480268e+01
   1.4868224e+01
   1.4638740e+01
   1.4863331e+01
   1.4835435e+01
   1.4528620e+01
   1.4677515e+01
   1.4905749e+01
   1.4859117e+01
   1.4754377e+01
   1.4722620e+01
   1.4759554e+01
   1.4728317e+01
   1.4733017e+01
   1.4939462e+01
   1.4587676e+01
   1.4502245e+01
   1.4680099e+01
   1.4737464e+01
   1.4331966e+01
   1.4241993e+01
   1.4559984e+01
   1.4600707e+01
   1.4898973e+01
   1.4819428e+01
   1.4864600e+01
   1.4565420e+01
   1.5174076e+01
   1.4503867e+01
   1.4667042e+01
   1.4738825e+01
   1.4726858e+01
   1.4589689e+01
   1.4458158e+01
   1.4524333e+01
   1.4954966e+01
   1.4509432e+01
   1.4631594e+01
   1.4763051e+01
   1.4701447e+01
   1.4739042e+01
   1.4447793e+01
   1.4673627e+01
   1.4810535e+01
   1.4594985e+01
   1.4659982e+01
   1.4421213e+01
   1.4564317e+01
   1.4941184e+01
   1.4481219e+01
   1.4884436e+01
   1.4454733e+01
   1.4250667e+01
   1.4794547e+01
   1.4483330e+01
   1.5009370e+01
   1.4507783e+01
   1.4446607e+01
   1.4863770e+01
   1.4802729e+01
   1.4560921e+01
   1.4961559e+01
   1.4389547e+01
   1.4891732e+01
   1.4295023e+01
   1.4568721e+01
   1.4921520e+01
   1.4704475e+01
   1.4553931e+01
   1.4310457e+01
   1.4468376e+01
   1.4314677e+01
   1.4311695e+01
   1.4643384e+01
   1.4803228e+01
   1.4635443e+01
   1.4531936e+01
   1.4527348e+01
   1.4252626e+01
   1.4648242e+01
   1.4428522e+01
   1.4420754e+01
   1.4549672e+01
   1.4517281e+01
   1.4841560e+01
   1.4681260e+01
   1.4588531e+01
   1.4847893e+01
   1.4407772e+01
   1.4719680e+01
   1.4242965e+01
   1.4210021e+01
   1.4722302e+01
   1.4454316e+01
   1.4792500e+01
   1.4583196e+01
   1.4875454e+01
   1.4374322e+01
   1.4456869e+01
   1.5217098e+01
   1.4548286e+01
   1.4484702e+01
   1.4312645e+01
   1.4554494e+01
   1.4304581e+01
   1.4899133e+01
   1.4705876e+01
   1.4574006e+01
   1.4381311e+01
   1.4372462e+01
   1.4523226e+01
   1.4735957e+01
   1.4486772e+01
   1.4605259e+01
   1.4485857e+01
   1.4572064e+01
   1.4693160e+01
   1.4592901e+01
   1.4663576e+01
   1.4447649e+01
   1.4633543e+01
   1.4367355e+01
   1.4416640e+01
   1.4508207e+01
   1.5094967e+01
   1.5040674e+01
   1.4844959e+01
   1.4498210e+01
   1.4435008e+01
   1.4725048e+01
   1.4368804e+01
   1.4389329e+01
   1.4914994e+01
   1.4500215e+01
   1.4555417e+01
   1.4661667e+01
   1.4271470e+01
   1.4537308e+01
   1.4340230e+01
   1.4384090e+01
   1.4563877e+01
   1.4849682e+01
   1.4717571e+01
   1.4214281e+01
   1.4720034e+01
   1.4533079e+01
   1.4684538e+01
   1.4599529e+01
   1.4664562e+01
   1.4603450e+01
   1.4411814e+01
   1.4734001e+01
   1.4098603e+01
   1.4707484e+01
   1.4324522e+01
   1.4893192e+01
   1.4404579e+01
   1.4605135e+01
   1.4486296e+01
   1.4260129e+01
   1.4252716e+01
   1.4164994e+01
   1.4535601e+01
   1.5043131e+01
   1.4383086e+01
   1.4579465e+01
   1.4348456e+01
   1.4597623e+01
   1.4883247e+01
   1.4650950e+01
   1.4788563e+01
   1.4826017e+01
   1.4910937e+01
   1.4247462e+01
   1.4573124e+01
   1.4805849e+01
   1.4584856e+01
   1.4873529e+01
   1.4755453e+01
   1.4541624e+01
   1.4441708e+01
   1.4576507e+01
   1.4648335e+01
   1.4535117e+01
   1.4875303e+01
   1.4687820e+01
   1.4659266e+01
   1.4598587e+01
   1.4600632e+01
   1.4440293e+01
   1.4638711e+01
   1.4441935e+01
   1.4777403e+01
   1.4917900e+01
   1.4691886e+01
   1.4541822e+01
   1.4795469e+01
   1.4934020e+01
   1.4901359e+01
   1.4464849e+01
   1.4546220e+01
   1.4592218e+01
   1.4631900e+01
   1.4628293e+01
   1.4326088e+01
   1.4704386e+01
   1.4751485e+01
   1.4744100e+01
   1.4660314e+01
   1.4608466e+01
   1.4559313e+01
   1.4523402e+01
   1.4819024e+01
   1.4365315e+01
   1.4416773e+01
   1.4806924e+01
   1.4414864e+01
   1.4319469e+01
   1.4468401e+01
   1.4598110e+01
   1.4870216e+01
   1.4762256e+01
   1.4656285e+01
   1.4404389e+01
   1.4213833e+01
   1.4576645e+01
   1.4629687e+01
   1.4772763e+01
   1.4683097e+01
   1.4765370e+01
   1.4389925e+01
   1.4952830e+01
   1.4480189e+01
   1.4626893e+01
   1.4209128e+01
   1.4854803e+01
   1.4786454e+01
   1.4081493e+01
   1.4646971e+01
   1.4940059e+01
   1.4364486e+01
   1.4452450e+01
   1.4267560e+01
   1.4410548e+01
   1.4492632e+01
   1.5178555e+01
   1.4503543e+01
   1.4714639e+01
   1.4485121e+01
   1.4681187e+01
   1.4862653e+01
   1.4509889e+01
   1.4701539e+01
   1.4872724e+01
   1.4817140e+01
   1.4471903e+01
   1.4474786e+01
   1.4712478e+01
   1.4756668e+01
   1.4591317e+01
   1.4602638e+01
   1.4763872e+01
   1.4592543e+01
   1.4274108e+01
   1.4902805e+01
   1.4629291e+01
   1.4340653e+01
   1.4803686e+01
   1.4634992e+01
   1.4611543e+01
   1.4351701e+01
   1.4457493e+01
   1.4746732e+01
   1.4806375e+01
   1.4417138e+01
   1.4325111e+01
   1.4572940e+01
   1.4510747e+01
   1.4486709e+01
   1.5015632e+01
   1.4610282e+01
   1.4313557e+01
   1.4581446e+01
   1.4443721e+01
   1.4194007e+01
   1.4717091e+01
   1.4675061e+01
   1.4329276e+01
   1.4727772e+01
   1.4406336e+01
   1.5002544e+01
   1.4371160e+01
   1.4672692e+01
   1.4617882e+01
   1.4684591e+01
   1.4368972e+01
   1.4618950e+01
   1.4229939e+01
   1.4629802e+01
   1.4351980e+01
   1.4689126e+01
   1.4714627e+01
   1.4725696e+01
   1.4492294e+01
   1.4702523e+01
   1.4735336e+01
   1.4288576e+01
   1.4564884e+01
   1.4640134e+01
   1.4507320e+01
   1.4811648e+01
   1.4709553e+01
   1.4561920e+01
   1.4368429e+01
   1.4667264e+01
   1.4629607e+01
   1.4628527e+01
   1.4313764e+01
   1.4339964e+01
   1.4631024e+01
   1.4345674e+01
   1.4804210e+01
   1.4585718e+01
   1.4456169e+01
   1.4481605e+01
   1.4823390e+01
   1.4466184e+01
   1.4540568e+01
   1.4357258e+01
   1.4614048e+01
   1.4725796e+01
   1.4868917e+01
   1.4489672e+01
   1.4637920e+01
   1.4735809e+01
   1.4500396e+01
   1.4516334e+01
   1.4351606e+01
   1.4305373e+01
   1.4722414e+01
   1.4731361e+01
   1.4570381e+01
   1.4820629e+01
   1.4522370e+01
   1.4643528e+01
   1.4404075e+01
   1.4598989e+01
   1.4528207e+01
   1.4290332e+01
   1.4421983e+01
   1.4644102e+01
   1.4623539e+01
   1.4515266e+01
   1.4890974e+01
   1.4614724e+01
   1.4269814e+01
   1.5060839e+01
   1.4762805e+01
   1.4860510e+01
   1.4433430e+01
   1.4640838e+01
   1.4789429e+01
   1.4770534e+01
   1.4478090e+01
   1.4531390e+01
   1.4499082e+01
   1.4583495e+01
   1.4721673e+01
   1.4338038e+01
   1.4642174e+01
   1.4656870e+01
   1.4437795e+01
   1.4667765e+01
   1.4590837e+01
   1.4751654e+01
   1.4521930e+01
   1.4594016e+01
   1.4563788e+01
   1.4311527e+01
   1.4843110e+01
   1.4649685e+01
   1.4444376e+01
   1.4878641e+01
   1.4582341e+01
   1.4419557e+01
   1.4804162e+01
   1.4769016e+01
   1.4719126e+01
   1.4522258e+01
   1.4624583e+01
   1.4852076e+01
   1.4423298e+01
   1.4619587e+01
   1.4731144e+01
   1.4725568e+01
   1.5009151e+01
   1.4436854e+01
   1.4602282e+01
   1.4412866e+01
   1.4790506e+01
   1.4688598e+01
   1.4780256e+01
   1.4556391e+01
   1.4628426e+01
   1.4528056e+01
   1.4394792e+01
   1.4647751e+01
   1.4756510e+01
   1.4447851e+01
   1.4230334e+01
   1.4482437e+01
   1.4195618e+01
   1.4774387e+01
   1.4819033e+01
   1.4435843e+01
   1.4760981e+01
   1.4799455e+01
   1.4837868e+01
   1.5263479e+01
   1.4423376e+01
   1.4464473e+01
   1.4644056e+01
   1.4650829e+01
   1.4591376e+01
   1.4441984e+01
   1.4523417e+01
   1.4740298e+01
   1.4792844e+01
   1.4454861e+01
   1.4329563e+01
   1.4810196e+01
   1.4383993e+01
   1.4371731e+01
   1.4755350e+01
   1.4740770e+01
   1.4566345e+01
   1.4624565e+01
   1.4425614e+01
   1.4600390e+01
   1.4773049e+01
   1.4557535e+01
   1.4839324e+01
   1.4204912e+01
   1.4662803e+01
   1.4648303e+01
   1.4929956e+01
   1.4764833e+01
   1.4388504e+01
   1.4720981e+01
   1.4724047e+01
   1.4310855e+01
   1.4486373e+01
   1.4571536e+01
   1.4736519e+01
   1.4780267e+01
   1.4877046e+01
   1.4561973e+01
   1.4368777e+01
   1.4509697e+01
   1.4652669e+01
   1.4619006e+01
   1.4480501e+01
   1.4446749e+01
   1.4811236e+01
   1.4691486e+01
   1.4460293e+01
   1.4740573e+01
   1.4733106e+01
   1.4612797e+01
   1.4778050e+01
   1.4490696e+01
   1.4223587e+01
   1.5003041e+01
   1.4751369e+01
   1.4496832e+01
   1.4757077e+01
   1.4573862e+01
   1.4283659e+01
   1.4490712e+01
   1.4348484e+01
   1.4285726e+01
   1.4750838e+01
   1.4724396e+01
   1.4388084e+01
   1.4517091e+01
   1.4937694e+01
   1.4277742e+01
   1.4388136e+01
   1.4579607e+01
   1.4146834e+01
   1.4346904e+01
   1.4704089e+01
   1.4818135e+01
   1.4957189e+01
   1.4667035e+01
   1.4772775e+01
   1.4634657e+01
   1.4678820e+01
   1.4734018e+01
   1.4573427e+01
   1.4642772e+01
   1.4220518e+01
   1.4725791e+01
   1.4566769e+01
   1.4617009e+01
   1.4635191e+01
   1.4477287e+01
   1.4633566e+01
   1.4593564e+01
   1.4658914e+01
   1.4453533e+01
   1.4826647e+01
   1.4396832e+01
   1.4283658e+01
   1.4564030e+01
   1.4948834e+01
   1.4206626e+01
   1.4330684e+01
   1.5025836e+01
   1.4900599e+01
   1.4480464e+01
   1.4215938e+01
   1.4522510e+01
   1.4510118e+01
   1.4512741e+01
   1.4262601e+01
   1.4868674e+01
   1.4601632e+01
   1.4578310e+01
   1.4834486e+01
   1.4976808e+01
   1.4437419e+01
   1.4911058e+01
   1.4730858e+01
   1.4823646e+01
   1.4880904e+01
   1.4284514e+01
   1.4721653e+01
   1.4632222e+01
   1.4672100e+01
   1.4049885e+01
   1.4732000e+01
   1.4368396e+01
   1.4662650e+01
   1.4470340e+01
   1.4583292e+01
   1.4792729e+01
   1.4895078e+01
   1.4417949e+01
   1.4577745e+01
   1.4776375e+01
   1.4521286e+01
   1.4548107e+01
   1.4490512e+01
   1.4335294e+01
   1.4627370e+01
   1.4583805e+01
   1.4842686e+01
   1.4749209e+01
   1.4692204e+01
   1.4313809e+01
   1.4400411e+01
   1.4677056e+01
   1.4654555e+01
   1.4507713e+01
   1.4529674e+01
   1.4985100e+01
   1.4377414e+01
   1.4510965e+01
   1.4512757e+01
   1.4608468e+01
   1.4785483e+01
   1.4450286e+01
   1.4729728e+01
   1.4295221e+01
   1.4347048e+01
   1.4504489e+01
   1.4404840e+01
   1.4648304e+01
   1.4659825e+01
   1.4470774e+01
   1.4152084e+01
   1.4595855e+01
   1.4379235e+01
   1.4596801e+01
   1.4315933e+01
   1.4905146e+01
   1.4863880e+01
   1.4477797e+01
   1.4598767e+01
   1.4595023e+01
   1.4437778e+01
   1.4870728e+01
   1.4369854e+01
   1.4499345e+01
   1.4707728e+01
   1.4658288e+01
   1.4852783e+01
   1.4585017e+01
   1.4243527e+01
   1.4532120e+01
   1.4532585e+01
   1.4927109e+01
   1.4513915e+01
   1.4768604e+01
   1.4451115e+01
   1.4155837e+01
   1.4235161e+01
   1.4830571e+01
   1.4551014e+01
   1.4609200e+01
   1.4602813e+01
   1.4328612e+01
   1.4465647e+01
   1.4870224e+01
   1.4818102e+01
   1.4244981e+01
   1.4496420e+01
   1.4606758e+01
   1.4499814e+01
   1.4651892e+01
   1.4151786e+01
   1.4724518e+01
   1.4544296e+01
   1.4696004e+01
   1.4900472e+01
   1.4680283e+01
   1.4716663e+01
   1.4820924e+01
   1.4813423e+01
   1.4516303e+01
   1.4522233e+01
   1.4606778e+01
   1.4596427e+01
   1.4769225e+01
   1.4493775e+01
   1.4547418e+01
   1.4631213e+01
   1.4773689e+01
   1.4402708e+01
   1.4520768e+01
   1.4674215e+01
   1.4663418e+01
   1.4579495e+01
   1.4457990e+01
   1.4322684e+01
   1.4044315e+01
   1.4642306e+01
   1.4432151e+01
   1.4580205e+01
   1.4420710e+01
   1.4284902e+01
   1.4645631e+01
   1.4396186e+01
   1.4310894e+01
   1.4443551e+01
   1.4630330e+01
   1.4615820e+01
   1.4666423e+01
   1.4825444e+01
   1.4576870e+01
   1.4801043e+01
   1.4777204e+01
   1.4666506e+01
   1.4752357e+01
   1.4498672e+01
   1.4537112e+01
   1.4483912e+01
   1.4599743e+01
   1.4416198e+01
   1.4702711e+01
   1.4409406e+01
   1.4035738e+01
   1.4593990e+01
   1.4563645e+01
   1.4275325e+01
   1.4958041e+01
   1.4140946e+01
   1.4568908e+01
   1.4352738e+01
   1.4739312e+01
   1.4764188e+01
   1.4794579e+01
   1.4555974e+01
   1.4527085e+01
   1.4697616e+01
   1.4596877e+01
   1.4595176e+01
   1.4577927e+01
   1.4459020e+01
   1.4807231e+01
   1.4944497e+01
   1.4353718e+01
   1.4713813e+01
   1.4819788e+01
   1.4574312e+01
   1.4567241e+01
   1.4495596e+01
   1.4840049e+01
   1.4481046e+01
   1.4666599e+01
   1.4637655e+01
   1.4429303e+01
   1.4557785e+01
   1.4312374e+01
   1.4754206e+01
   1.4417063e+01
   1.4492939e+01
   1.4450915e+01
   1.4876340e+01
   1.4237847e+01
   1.4667783e+01
   1.4543403e+01
   1.4577280e+01
   1.4307721e+01
   1.4346138e+01
   1.4306287e+01
   1.4502860e+01
   1.4821532e+01
   1.4370932e+01
   1.4540029e+01
   1.4292689e+01
   1.4427567e+01
   1.4433915e+01
   1.4512744e+01
   1.4348188e+01
   1.4719594e+01
   1.4936519e+01
   1.4801897e+01
   1.4700098e+01
   1.4688334e+01
   1.4689030e+01
   1.4815661e+01
   1.4607642e+01
   1.4507607e+01
   1.4630003e+01
   1.4499480e+01
   1.4811482e+01
   1.4547792e+01
   1.4757647e+01
   1.4599868e+01
   1.4935298e+01
   1.4721909e+01
   1.4856096e+01
   1.5079827e+01
   1.4284179e+01
   1.4769166e+01
   1.4378659e+01
   1.4440503e+01
   1.4779268e+01
   1.4775074e+01
   1.4792040e+01
   1.4392893e+01
   1.4851304e+01
   1.4707971e+01
   1.4257435e+01
   1.4521191e+01
   1.4479925e+01
   1.4774179e+01
   1.4712849e+01
   1.4326742e+01
   1.4410041e+01
   1.4906827e+01
   1.4433625e+01
   1.4885594e+01
   1.4310996e+01
   1.4668792e+01
   1.4525959e+01
   1.4716196e+01
   1.5049498e+01
   1.4525316e+01
   1.4334641e+01
   1.4499884e+01
   1.4850270e+01
   1.4878047e+01
   1.4579413e+01
   1.4524556e+01
   1.4582710e+01
   1.4514738e+01
   1.4637733e+01
   1.4450092e+01
   1.4635336e+01
   1.4371913e+01
   1.4611783e+01
   1.4865902e+01
   1.4559356e+01
   1.4822600e+01
   1.4545337e+01
   1.4654376e+01
   1.4510788e+01
   1.4399557e+01
   1.4617154e+01
   1.4244403e+01
   1.4672470e+01
   1.5017072e+01
   1.4401989e+01
   1.4558353e+01
   1.4617388e+01
   1.4244154e+01
   1.5063308e+01
   1.4757785e+01
   1.4488129e+01
   1.4353779e+01
   1.4469095e+01
   1.4683562e+01
   1.4210126e+01
   1.4678946e+01
   1.4210775e+01
   1.4841412e+01
   1.4638978e+01
   1.4726525e+01
   1.4283411e+01
   1.4704027e+01
   1.4796779e+01
   1.4282565e+01
   1.4615747e+01
   1.4444843e+01
   1.4499354e+01
   1.4849404e+01
   1.4596887e+01
   1.4659855e+01
   1.4692450e+01
   1.4664948e+01
   1.4856688e+01
   1.4425519e+01
   1.4736215e+01
   1.4363085e+01
   1.4531154e+01
   1.4620003e+01
   1.4253358e+01
   1.4469520e+01
   1.4447658e+01
   1.4301146e+01
   1.4191248e+01
   1.4837814e+01
   1.4610514e+01
   1.4798520e+01
   1.4787338e+01
   1.4554079e+01
   1.4564243e+01
   1.4566324e+01
   1.4072374e+01
   1.4217148e+01
   1.4635097e+01
   1.4387907e+01
   1.4760597e+01
   1.4650365e+01
   1.4505478e+01
   1.4599576e+01
   1.4588749e+01
   1.4200453e+01
   1.4796385e+01
   1.4653387e+01
   1.4443268e+01
   1.4581998e+01
   1.4689188e+01
   1.4592379e+01
   1.4687281e+01
   1.4522290e+01
   1.4689300e+01
   1.4431077e+01
   1.4401488e+01
   1.4368968e+01
   1.4498765e+01
   1.4676333e+01
   1.4702185e+01
   1.4721844e+01
   1.4719432e+01
   1.4231885e+01
   1.4560511e+01
   1.4368093e+01
   1.4482509e+01
   1.4648975e+01
   1.4318195e+01
   1.4549871e+01
   1.4543628e+01
   1.4784107e+01
   1.4648387e+01
   1.4457687e+01
   1.4634927e+01
   1.4143440e+01
   1.4523308e+01
   1.4705943e+01
   1.4638589e+01
   1.4067648e+01
   1.4702140e+01
   1.4704272e+01
   1.4637672e+01
   1.4385644e+01
   1.4695638e+01
   1.4336981e+01
   1.4362179e+01
   1.4459375e+01
   1.4532577e+01
   1.4498669e+01
   1.4494838e+01
   1.4359048e+01
   1.4797227e+01
   1.4536921e+01
   1.4786035e+01
   1.4151509e+01
   1.4585828e+01
   1.4502930e+01
   1.4946152e+01
   1.4669152e+01
   1.4698857e+01
   1.4705870e+01
   1.4877943e+01
   1.4540986e+01
   1.4881211e+01
   1.4741171e+01
   1.4612699e+01
   1.4571681e+01
   1.4749401e+01
   1.4825654e+01
   1.4776107e+01
   1.4669499e+01
   1.4668123e+01
   1.4437738e+01
   1.4892984e+01
   1.4454978e+01
   1.4643798e+01
   1.4475519e+01
   1.4059446e+01
   1.4683900e+01
   1.4264133e+01
   1.4692945e+01
   1.4647288e+01
   1.4240734e+01
   1.4632085e+01
   1.4846897e+01
   1.4426528e+01
   1.4373464e+01
   1.4232318e+01
   1.4480765e+01
   1.4622358e+01
   1.4800538e+01
   1.4431942e+01
   1.4621753e+01
   1.4576378e+01
   1.4577355e+01
   1.4338112e+01
   1.4502169e+01
   1.4564597e+01
   1.4539936e+01
   1.4518007e+01
   1.4758185e+01
   1.4552926e+01
   1.4628829e+01
   1.4765185e+01
   1.4456759e+01
   1.4586530e+01
   1.4910067e+01
   1.4275722e+01
   1.4620968e+01
   1.4790080e+01
   1.4624629e+01
   1.4579013e+01
   1.4779166e+01
   1.4767669e+01
   1.4398961e+01
   1.4356067e+01
   1.4622726e+01
   1.4418014e+01
   1.4563298e+01
   1.4098747e+01
   1.4807757e+01
   1.4772053e+01
   1.4685983e+01
   1.4411620e+01
   1.4690277e+01
   1.4683942e+01
   1.4858976e+01
   1.4495540e+01
   1.4658325e+01
   1.4918465e+01
   1.4552754e+01
   1.4835739e+01
   1.4396021e+01
   1.4473299e+01
   1.4403230e+01
   1.4533066e+01
   1.4292926e+01
   1.4304755e+01
   1.4294341e+01
   1.4964277e+01
   1.4745108e+01
   1.4600577e+01
   1.5000030e+01
   1.4375565e+01
   1.4884496e+01
   1.4501355e+01
   1.4339049e+01
   1.4669106e+01
   1.5052359e+01
   1.4661083e+01
   1.4719775e+01
   1.4243779e+01
   1.4646306e+01
   1.4808519e+01
   1.4844613e+01
   1.4088497e+01
   1.4190767e+01
   1.4443612e+01
   1.4443948e+01
   1.4352138e+01
   1.4465484e+01
   1.4729199e+01
   1.4335229e+01
   1.4861290e+01
   1.4668819e+01
   1.4540920e+01
   1.4772598e+01
   1.4399224e+01
   1.4531401e+01
   1.4690190e+01
   1.4733864e+01
   1.4625038e+01
   1.4435446e+01
   1.4123282e+01
   1.4953638e+01
   1.4694785e+01
   1.4587755e+01
   1.4812051e+01
   1.4660623e+01
   1.4574492e+01
   1.4046000e+01
   1.4918748e+01
   1.5225347e+01
   1.4303508e+01
   1.4753490e+01
   1.4379430e+01
   1.4753676e+01
   1.4753965e+01
   1.4499912e+01
   1.4589068e+01
   1.4242825e+01
   1.4360663e+01
   1.4641842e+01
   1.4666636e+01
   1.4386841e+01
   1.4181608e+01
   1.4804941e+01
   1.4473629e+01
   1.4560910e+01
   1.4540260e+01
   1.4825525e+01
   1.4460446e+01
   1.4459624e+01
   1.4436534e+01
   1.4619661e+01
   1.4757525e+01
   1.4260497e+01
   1.4455977e+01
   1.4348267e+01
   1.4823549e+01
   1.4696380e+01
   1.4536704e+01
   1.4108515e+01
   1.4813283e+01
   1.4095829e+01
   1.4844022e+01
   1.4434074e+01
   1.4421806e+01
   1.4561011e+01
   1.4602725e+01
   1.4710388e+01
   1.4573233e+01
   1.4324126e+01
   1.4391044e+01
   1.4735727e+01
   1.4579700e+01
   1.4769812e+01
   1.4513523e+01
   1.4836608e+01
   1.4694922e+01
   1.4607109e+01
   1.4807403e+01
   1.4393062e+01
   1.4827179e+01
   1.4478953e+01
   1.4678898e+01
   1.4517223e+01
   1.4506548e+01
   1.4125831e+01
   1.4752719e+01
   1.4884217e+01
   1.4540732e+01
   1.5021169e+01
   1.4431090e+01
   1.4571338e+01
   1.4648511e+01
   1.4663799e+01
   1.4648886e+01
   1.4513013e+01
   1.4670081e+01
   1.4662954e+01
   1.4599281e+01
   1.4461647e+01
   1.4425423e+01
   1.4444386e+01
   1.4131589e+01
   1.4447242e+01
   1.4837507e+01
   1.4482820e+01
   1.4556806e+01
   1.4789634e+01
   1.4427636e+01
   1.4606262e+01
   1.4384273e+01
   1.4792040e+01
   1.4444977e+01
   1.5032444e+01
   1.4404909e+01
   1.4924649e+01
   1.4409296e+01
   1.4889575e+01
   1.4262689e+01
   1.4423668e+01
   1.4739958e+01
   1.4779319e+01
   1.4732323e+01
   1.4700732e+01
   1.4940749e+01
   1.4781374e+01
   1.4679508e+01
   1.4474721e+01
   1.4298901e+01
   1.4567967e+01
   1.4791396e+01
   1.4487338e+01
   1.4321639e+01
   1.4363101e+01
   1.4691090e+01
   1.4642791e+01
   1.4497236e+01
   1.4560396e+01
   1.4512765e+01
   1.4175657e+01
   1.4445544e+01
   1.4277657e+01
   1.4391078e+01
   1.4383486e+01
   1.4489387e+01
   1.4972961e+01
   1.4685012e+01
   1.4675515e+01
   1.4430775e+01
   1.4736617e+01
   1.4311747e+01
   1.4399867e+01
   1.4252500e+01
   1.4113487e+01
   1.4033713e+01
   1.4519238e+01
   1.4754419e+01
   1.4493498e+01
   1.4739089e+01
   1.4394253e+01
   1.4711377e+01
   1.4774229e+01
   1.4615436e+01
   1.4795157e+01
   1.4854480e+01
   1.4846447e+01
   1.4598656e+01
   1.4652387e+01
   1.5008893e+01
   1.4592352e+01
   1.4757216e+01
   1.4568286e+01
   1.4769813e+01
   1.4518123e+01
   1.5015276e+01
   1.4672061e+01
   1.4531036e+01
   1.4388422e+01
   1.4432223e+01
   1.4788277e+01
   1.4836699e+01
   1.4832712e+01
   1.4509001e+01
   1.4480517e+01
   1.4735278e+01
   1.4679100e+01
   1.4475893e+01
   1.4546683e+01
   1.4780829e+01
   1.4685547e+01
   1.4614704e+01
   1.4632572e+01
   1.4547947e+01
   1.4572112e+01
   1.5052736e+01
   1.4604482e+01
   1.4471738e+01
   1.4494756e+01
   1.4787142e+01
   1.4670185e+01
   1.4708529e+01
   1.4562977e+01
   1.4881798e+01
   1.4621616e+01
   1.4593647e+01
   1.4698996e+01
   1.4756624e+01
   1.4477265e+01
   1.4079542e+01
   1.4746096e+01
   1.4783926e+01
   1.4456674e+01
   1.4912888e+01
   1.4446315e+01
   1.4647555e+01
   1.4589046e+01
   1.4658824e+01
   1.4726664e+01
   1.4531658e+01
   1.4403764e+01
   1.4503928e+01
   1.4341769e+01
   1.4721488e+01
   1.4653332e+01
   1.4533125e+01
   1.4220495e+01
   1.4123219e+01
   1.4626894e+01
   1.4760132e+01
   1.4877020e+01
   1.4676265e+01
   1.4465593e+01
   1.4458157e+01
   1.4712605e+01
   1.4333170e+01
   1.4776234e+01
   1.4625770e+01
   1.4660461e+01
   1.4551395e+01
   1.4294532e+01
   1.4472275e+01
   1.4785322e+01
   1.4563672e+01
   1.4685215e+01
   1.4773517e+01
   1.4215920e+01
   1.4533635e+01
   1.4521763e+01
   1.4766726e+01
   1.4601551e+01
   1.4791429e+01
   1.4772902e+01
   1.4868827e+01
   1.4703095e+01
   1.4610612e+01
   1.4743503e+01
   1.4521723e+01
   1.4554750e+01
   1.4504838e+01
   1.4391350e+01
   1.4705283e+01
   1.4916035e+01
   1.4275107e+01
   1.4492550e+01
   1.4701729e+01
   1.4807043e+01
   1.4869443e+01
   1.4563263e+01
   1.4794176e+01
   1.4611164e+01
   1.4668599e+01
   1.4513752e+01
   1.4827335e+01
   1.4575312e+01
   1.4382968e+01
   1.4531663e+01
   1.4315969e+01
   1.4741026e+01
   1.4649839e+01
   1.4254174e+01
   1.4437996e+01
   1.4567111e+01
   1.4212481e+01
   1.4807056e+01
   1.4012956e+01
   1.4339741e+01
   1.4159638e+01
   1.4721014e+01
   1.4647333e+01
   1.4354454e+01
   1.4293123e+01
   1.4457519e+01
   1.4957749e+01
   1.4620091e+01
   1.4607999e+01
   1.4434700e+01
   1.4621525e+01
   1.4687518e+01
   1.4257135e+01
   1.4817029e+01
   1.4394724e+01
   1.4588033e+01
   1.4575439e+01
   1.4870669e+01
   1.4829434e+01
   1.4327986e+01
   1.4410532e+01
   1.4739306e+01
   1.4582646e+01
   1.4741559e+01
   1.4838332e+01
   1.4394203e+01
   1.4714785e+01
   1.4448785e+01
   1.4295756e+01
   1.4525887e+01
   1.4598932e+01
   1.4719318e+01
   1.4439000e+01
   1.4798217e+01
   1.4818325e+01
   1.4761178e+01
   1.4736427e+01
   1.4252279e+01
   1.4021561e+01
   1.4739209e+01
   1.4580551e+01
   1.4851252e+01
   1.4512520e+01
   1.4918800e+01
   1.4332604e+01
   1.4644461e+01
   1.4516469e+01
   1.4623875e+01
   1.4665681e+01
   1.4629515e+01
   1.4373277e+01
   1.4751423e+01
   1.4555756e+01
   1.4140610e+01
   1.4722315e+01
   1.4413730e+01
   1.4961928e+01
   1.4632589e+01
   1.4233650e+01
   1.4616584e+01
   1.4510087e+01
   1.4727147e+01
   1.4501944e+01
   1.4349861e+01
   1.4703574e+01
   1.4638117e+01
   1.4809739e+01
   1.4506632e+01
   1.4702863e+01
   1.4582937e+01
   1.4973010e+01
   1.4634328e+01
   1.4662104e+01
   1.4904563e+01
   1.4533055e+01
   1.4294296e+01
   1.4121407e+01
   1.4634613e+01
   1.4445762e+01
   1.4702894e+01
   1.4211144e+01
   1.4654514e+01
   1.4550772e+01
   1.4434211e+01
   1.4362855e+01
   1.4522321e+01
   1.4736463e+01
   1.4341609e+01
   1.4724736e+01
   1.4746940e+01
   1.4585442e+01
   1.5015561e+01
   1.4530513e+01
   1.4770018e+01
   1.4628475e+01
   1.4688721e+01
   1.4630037e+01
   1.4555549e+01
   1.4878106e+01
   1.4791363e+01
   1.4292185e+01
   1.4586810e+01
   1.4579333e+01
   1.4600308e+01
   1.4882117e+01
   1.4696119e+01
   1.4464776e+01
   1.4510791e+01
   1.4749474e+01
   1.4271289e+01
   1.4727310e+01
   1.4532915e+01
   1.4285501e+01
   1.4743286e+01
   1.4459188e+01
   1.4706915e+01
   1.4451277e+01
   1.4374670e+01
   1.4553675e+01
   1.4786021e+01
   1.4588289e+01
   1.4704649e+01
   1.4483116e+01
   1.4519919e+01
   1.4328632e+01
   1.4835499e+01
   1.4628789e+01
   1.4736367e+01
   1.4506026e+01
   1.4333204e+01
   1.4350250e+01
   1.4792840e+01
   1.4302051e+01
   1.5060041e+01
   1.4964111e+01
   1.4284687e+01
   1.5183184e+01
   1.4591259e+01
   1.4783456e+01
   1.4883169e+01
   1.4307361e+01
   1.4484644e+01
   1.4771530e+01
   1.4622811e+01
   1.4406706e+01
   1.4825922e+01
   1.4278640e+01
   1.4853700e+01
   1.4852678e+01
   1.4614141e+01
   1.4466018e+01
   1.4588096e+01
   1.4645286e+01
   1.4438068e+01
   1.4593735e+01
   1.4434425e+01
   1.4493941e+01
   1.4584778e+01
   1.4100762e+01
   1.4542248e+01
   1.4378424e+01
   1.4466294e+01
   1.4714075e+01
   1.4848313e+01
   1.4709363e+01
   1.4471676e+01
   1.4305897e+01
   1.4409145e+01
   1.4596207e+01
   1.4862263e+01
   1.4401551e+01
   1.4853905e+01
   1.4411396e+01
   1.4644294e+01
   1.4453617e+01
   1.4757290e+01
   1.4518304e+01
   1.4651076e+01
   1.4551224e+01
   1.4579333e+01
   1.4100762e+01
   1.4562488e+01
   1.4998946e+01
   1.4510035e+01
   1.4728448e+01
   1.4494280e+01
   1.4856106e+01
   1.4297827e+01
   1.4522278e+01
   1.4698221e+01
   1.4673965e+01
   1.4239887e+01
   1.4566957e+01
   1.4760185e+01
   1.4715139e+01
   1.4748367e+01
   1.4556783e+01
   1.4768064e+01
   1.4501721e+01
   1.4276187e+01
   1.4705012e+01
   1.4628156e+01
   1.4531097e+01
   1.4561515e+01
   1.4950699e+01
   1.4807795e+01
   1.4259948e+01
   1.4620049e+01
   1.4323348e+01
   1.4865062e+01
   1.4441506e+01
   1.4536337e+01
   1.4756251e+01
   1.4868462e+01
   1.4854974e+01
   1.4577241e+01
   1.4428149e+01
   1.4433300e+01
   1.4488827e+01
   1.4362826e+01
   1.5204252e+01
   1.4695442e+01
   1.4356084e+01
   1.4600237e+01
   1.4692677e+01
   1.4491396e+01
   1.4620068e+01
   1.4600194e+01
   1.4144850e+01
   1.4336338e+01
   1.4504154e+01
   1.4485384e+01
   1.4736382e+01
   1.4446944e+01
   1.4572864e+01
   1.4784262e+01
   1.4744749e+01
   1.4670243e+01
   1.4463006e+01
   1.4550296e+01
   1.4499570e+01
   1.4429075e+01
   1.4582843e+01
   1.4693737e+01
   1.4446689e+01
   1.4463561e+01
   1.4631518e+01
   1.4279698e+01
   1.4276467e+01
   1.4536583e+01
   1.4655467e+01
   1.4783956e+01
   1.4283481e+01
   1.4439899e+01
   1.4564747e+01
   1.4523738e+01
   1.4668779e+01
   1.4453887e+01
   1.4955468e+01
   1.4685608e+01
   1.4851294e+01
   1.4676682e+01
   1.4588889e+01
   1.4758016e+01
   1.4375572e+01
   1.4657700e+01
   1.4516777e+01
   1.4721654e+01
   1.4684138e+01
   1.4946871e+01
   1.4680482e+01
   1.4446232e+01
   1.4436576e+01
   1.4105773e+01
   1.4508763e+01
   1.4608560e+01
   1.4464030e+01
   1.4554986e+01
   1.4289303e+01
   1.4836396e+01
   1.4639260e+01
   1.4659167e+01
   1.4071539e+01
   1.4805066e+01
   1.4566572e+01
   1.4994048e+01
   1.4771184e+01
   1.4651554e+01
   1.4649167e+01
   1.4307827e+01
   1.4741216e+01
   1.4503802e+01
   1.4837327e+01
   1.4483367e+01
   1.4554240e+01
   1.4594197e+01
   1.4322533e+01
   1.4521957e+01
   1.4642229e+01
   1.4664682e+01
   1.4537140e+01
   1.4484840e+01
   1.4477107e+01
   1.4485731e+01
   1.4404512e+01
   1.4815634e+01
   1.4425336e+01
   1.4567326e+01
   1.4287447e+01
   1.4509641e+01
   1.4654865e+01
   1.4222054e+01
   1.4229445e+01
   1.4599854e+01
   1.4546283e+01
   1.4479077e+01
   1.4744415e+01
   1.4450320e+01
   1.4268537e+01
   1.4714324e+01
   1.4647879e+01
   1.4527837e+01
   1.4219184e+01
   1.4742543e+01
   1.4640769e+01
   1.4134601e+01
   1.4874085e+01
   1.4693775e+01
   1.4472378e+01
   1.4477154e+01
   1.4457887e+01
   1.4669385e+01
   1.4328973e+01
   1.4786012e+01
   1.4593403e+01
   1.4861138e+01
   1.4698895e+01
   1.4550323e+01
   1.4235647e+01
   1.4719717e+01
   1.4960124e+01
   1.4634682e+01
   1.5016776e+01
   1.4115392e+01
   1.4436614e+01
   1.4451915e+01
   1.4683269e+01
   1.4726492e+01
   1.4612236e+01
   1.4811651e+01
   1.4443077e+01
   1.4577663e+01
   1.4320344e+01
   1.4727601e+01
   1.4473910e+01
   1.4115574e+01
   1.4640023e+01
   1.4486733e+01
   1.4865122e+01
   1.4721424e+01
   1.4670008e+01
   1.4655122e+01
   1.4515443e+01
   1.4483487e+01
   1.4246330e+01
   1.4830458e+01
   1.4438419e+01
   1.4346232e+01
   1.4580398e+01
   1.5076651e+01
   1.4423673e+01
   1.4682429e+01
   1.4542952e+01
   1.4692329e+01
   1.4890061e+01
   1.4871087e+01
   1.4337088e+01
   1.4513148e+01
   1.4643546e+01
   1.4759560e+01
   1.4483475e+01
   1.4341953e+01
   1.4894439e+01
   1.4615081e+01
   1.4641786e+01
   1.4417854e+01
   1.4643486e+01
   1.4598200e+01
   1.4604398e+01
   1.4714461e+01
   1.4940674e+01
   1.4476284e+01
   1.4655504e+01
   1.4464417e+01
   1.4848813e+01
   1.4339963e+01
   1.4326519e+01
   1.4751463e+01
   1.4542986e+01
   1.4655233e+01
   1.4241800e+01
   1.4420269e+01
   1.4918743e+01
   1.4651671e+01
   1.4750831e+01
   1.4616650e+01
   1.4505968e+01
   1.4585389e+01
   1.4559135e+01
   1.4601735e+01
   1.4625497e+01
   1.4810664e+01
   1.4223519e+01
   1.4561233e+01
   1.4731868e+01
   1.4815535e+01
   1.4541129e+01
   1.4703171e+01
   1.4643083e+01
   1.4813211e+01
   1.4907279e+01
   1.4605626e+01
   1.4451434e+01
   1.4538407e+01
   1.4441174e+01
   1.4735111e+01
   1.4777362e+01
   1.4478235e+01
   1.4585989e+01
   1.4779648e+01
   1.4560503e+01
   1.4495317e+01
   1.4598685e+01
   1.4498850e+01
   1.4318244e+01
   1.4739764e+01
   1.4552613e+01
   1.4706642e+01
   1.4577973e+01
   1.4488416e+01
   1.4584981e+01
   1.4554316e+01
   1.4704168e+01
   1.4343237e+01
   1.4633913e+01
   1.4661982e+01
   1.4660500e+01
   1.4511948e+01
   1.4875081e+01
   1.4712741e+01
   1.4522133e+01
   1.4430493e+01
   1.4758439e+01
   1.4613334e+01
   1.4416756e+01
   1.5024415e+01
   1.4934574e+01
   1.4811506e+01
   1.4845667e+01
   1.4174520e+01
   1.4850888e+01
   1.4880982e+01
   1.4893460e+01
   1.5101270e+01
   1.4857105e+01
   1.4349059e+01
   1.4485186e+01
   1.5058252e+01
   1.4086638e+01
   1.4341162e+01
   1.4420434e+01
   1.4740289e+01
   1.4476152e+01
   1.4728013e+01
   1.4557963e+01
   1.4894411e+01
   1.4838380e+01
   1.4294250e+01
   1.4959417e+01
   1.4827095e+01
   1.4781772e+01
   1.4632876e+01
   1.4603179e+01
   1.4353886e+01
   1.4846478e+01
   1.4672650e+01
   1.4489488e+01
   1.4806195e+01
   1.4615735e+01
   1.4710266e+01
   1.4274232e+01
   1.4755898e+01
   1.4572706e+01
   1.4205255e+01
   1.5051237e+01
   1.4606372e+01
   1.4575621e+01
   1.4312998e+01
   1.4574341e+01
   1.4825560e+01
   1.4830895e+01
   1.4641877e+01
   1.4806435e+01
   1.4243749e+01
   1.4642390e+01
   1.4864331e+01
   1.4294934e+01
   1.4450021e+01
   1.4623712e+01
   1.4804415e+01
   1.4747158e+01
   1.4331558e+01
   1.4708647e+01
   1.4588557e+01
   1.4430890e+01
   1.4619634e+01
   1.4767858e+01
   1.4487191e+01
   1.4647808e+01
   1.4444335e+01
   1.4675583e+01
   1.4532143e+01
   1.4775139e+01
   1.4438245e+01
   1.4438471e+01
   1.4550569e+01
   1.4368535e+01
   1.4541299e+01
   1.4493522e+01
   1.4595842e+01
   1.4898190e+01
   1.4140176e+01
   1.4489471e+01
   1.4510027e+01
   1.4437574e+01
   1.4580475e+01
   1.4554031e+01
   1.4795528e+01
   1.4407379e+01
   1.4404624e+01
   1.4701807e+01
   1.4800360e+01
   1.4325046e+01
   1.4337658e+01
   1.4539206e+01
   1.4826174e+01
   1.4519879e+01
   1.4890622e+01
   1.4319995e+01
   1.4305786e+01
   1.4921718e+01
   1.4590717e+01
   1.4429677e+01
   1.4483900e+01
   1.4475800e+01
   1.4838060e+01
   1.4620428e+01
   1.4531064e+01
   1.4899825e+01
   1.4832127e+01
   1.4676479e+01
   1.4488058e+01
   1.4526107e+01
   1.4484564e+01
   1.4508106e+01
   1.4440087e+01
   1.4652656e+01
   1.4667112e+01
   1.4773654e+01
   1.4555098e+01
   1.4641871e+01
   1.4614715e+01
   1.4740676e+01
   1.4452010e+01
   1.4753399e+01
   1.4576881e+01
   1.4760557e+01
   1.4484049e+01
   1.4473667e+01
   1.4662295e+01
   1.4574601e+01
   1.4376906e+01
   1.4432477e+01
   1.4640895e+01
   1.4546342e+01
   1.4658002e+01
   1.4639791e+01
   1.4502201e+01
   1.4668455e+01
   1.4637324e+01
   1.4489451e+01
   1.4328542e+01
   1.4277210e+01
   1.4621407e+01
   1.4738225e+01
   1.4547916e+01
   1.4911792e+01
   1.4836434e+01
   1.4484107e+01
   1.4161478e+01
   1.4865040e+01
   1.4630440e+01
   1.4274009e+01
   1.4487740e+01
   1.4691776e+01
   1.4516082e+01
   1.4596614e+01
   1.4680121e+01
   1.4609927e+01
   1.4953427e+01
   1.4449235e+01
   1.4528541e+01
   1.4238094e+01
   1.4658704e+01
   1.4543623e+01
   1.4617891e+01
   1.4606016e+01
   1.4248296e+01
   1.4518415e+01
   1.4549740e+01
   1.4354327e+01
   1.4377281e+01
   1.4617305e+01
   1.4660486e+01
   1.4299499e+01
   1.4529020e+01
   1.4431470e+01
   1.4826672e+01
   1.4483478e+01
   1.4547294e+01
   1.4638005e+01
   1.4527003e+01
   1.4561431e+01
   1.4530765e+01
   1.4751227e+01
   1.4400462e+01
   1.4718472e+01
   1.4532990e+01
   1.4934307e+01
   1.4626769e+01
   1.4489372e+01
   1.4315463e+01
   1.4692577e+01
   1.4428718e+01
   1.4619574e+01
   1.4337815e+01
   1.4636250e+01
   1.4693125e+01
   1.4331016e+01
   1.4583299e+01
   1.4227719e+01
   1.4692085e+01
   1.4625500e+01
   1.4791097e+01
   1.4481891e+01
   1.4188937e+01
   1.4640669e+01
   1.4452676e+01
   1.4610618e+01
   1.4592380e+01
   1.4560055e+01
   1.4588806e+01
   1.4683720e+01
   1.4362813e+01
   1.4523802e+01
   1.4636165e+01
   1.4589243e+01
